image: hector_map.pgm
resolution: 0.050000
origin: [-11.274999, -11.274999, 0.000000]
negate: 0
occupied_thresh: 0.65
free_thresh: 0.196

